rangelagh:48.858017,2.270918
davioud_1:48.854980,2.270616
davioud_2:48.856265,2.271697
paul_doumer: